userId: 1, status: succeeded, dateTime: 2023-03-03T10:30:48.0602065
userId: 2, status: succeeded, dateTime: 2023-03-03T10:31:48.3746686
userId: 1, status: succeeded, dateTime: 2023-03-03T10:38:18.8768215
userId: 1, status: succeeded, dateTime: 2023-03-03T11:24:57.3485278
